  1.2263220461243210e+009
  1.2263220465244131e+009
  1.2263220469246740e+009
  1.2263220473247950e+009
  1.2263220477250750e+009
  1.2263220481252141e+009
  1.2263220485254190e+009
  1.2263220489255669e+009
  1.2263220493258140e+009
  1.2263220497259710e+009
  1.2263220501262269e+009
  1.2263220505264740e+009
  1.2263220509265759e+009
  1.2263220513268061e+009
  1.2263220517270460e+009
  1.2263220521272309e+009
  1.2263220525273120e+009
  1.2263220529306369e+009
  1.2263220533277061e+009
  1.2263220537279611e+009
  1.2263220541281121e+009
  1.2263220545283310e+009
  1.2263220549284949e+009
  1.2263220553287361e+009
  1.2263220557289889e+009
  1.2263220561291289e+009
  1.2263220565293601e+009
  1.2263220569294710e+009
  1.2263220573297379e+009
  1.2263220577299559e+009
  1.2263220581301391e+009
  1.2263220585302081e+009
  1.2263220589304750e+009
  1.2263220593306551e+009
  1.2263220597308879e+009
  1.2263220601310141e+009
  1.2263220605313590e+009
  1.2263220609314909e+009
  1.2263220613316319e+009
  1.2263220617318830e+009
  1.2263220621329529e+009
  1.2263220625322380e+009
  1.2263220629323750e+009
  1.2263220633326440e+009
  1.2263220637328260e+009
  1.2263220641330681e+009
  1.2263220645331230e+009
  1.2263220649334569e+009
  1.2263220653335249e+009
  1.2263220657337790e+009
  1.2263220661340420e+009
  1.2263220665341239e+009
  1.2263220669344411e+009
  1.2263220673345449e+009
  1.2263220677347879e+009
  1.2263220681349339e+009
  1.2263220685351419e+009
  1.2263220689352920e+009
  1.2263220693355429e+009
  1.2263220697356789e+009
  1.2263220701359401e+009
  1.2263220705361259e+009
  1.2263220709363201e+009
  1.2263220713374441e+009
  1.2263220717366850e+009
  1.2263220721369500e+009
  1.2263220725370319e+009
  1.2263220729372711e+009
  1.2263220733374791e+009
  1.2263220737377009e+009
  1.2263220741378200e+009
  1.2263220745380859e+009
  1.2263220749381649e+009
  1.2263220753384449e+009
  1.2263220757387040e+009
  1.2263220761395960e+009
  1.2263220765390680e+009
  1.2263220769391711e+009
  1.2263220773394761e+009
  1.2263220777396071e+009
  1.2263220781398599e+009
  1.2263220785399411e+009
  1.2263220789401779e+009
  1.2263220793403580e+009
  1.2263220797406061e+009
  1.2263220801407139e+009
  1.2263220805409560e+009
  1.2263220809412069e+009
  1.2263220813413870e+009
  1.2263220817416079e+009
  1.2263220821418049e+009
  1.2263220825419631e+009
  1.2263220829420900e+009
  1.2263220833423450e+009
  1.2263220837424991e+009
  1.2263220841633539e+009
  1.2263220845428770e+009
  1.2263220849431050e+009
  1.2263220853432400e+009
  1.2263220857435260e+009
  1.2263220861437621e+009
  1.2263220865438280e+009
  1.2263220869441180e+009
  1.2263220873442249e+009
  1.2263220877445199e+009
  1.2263220881446819e+009
  1.2263220885448551e+009
  1.2263220889449990e+009
  1.2263220893452599e+009
  1.2263220897454000e+009
  1.2263220901457150e+009
  1.2263220905457489e+009
  1.2263220909460361e+009
  1.2263220913463020e+009
  1.2263220917464471e+009
  1.2263220921466830e+009
  1.2263220925467410e+009
  1.2263220929529290e+009
  1.2263220933471341e+009
  1.2263220937474160e+009
  1.2263220941475620e+009
  1.2263220945477431e+009
  1.2263220949479070e+009
  1.2263220953481891e+009
  1.2263220957482810e+009
  1.2263220961486189e+009
  1.2263220965487759e+009
  1.2263220969488881e+009
  1.2263220973491709e+009
  1.2263220977493391e+009
  1.2263220981495800e+009
  1.2263220985496590e+009
  1.2263220989499240e+009
  1.2263220993549831e+009
  1.2263220997503550e+009
  1.2263221001504490e+009
  1.2263221005506780e+009
  1.2263221009508049e+009
  1.2263221013510950e+009
  1.2263221017513299e+009
  1.2263221021514750e+009
  1.2263221025566480e+009
  1.2263221029518199e+009
  1.2263221033520999e+009
  1.2263221037522299e+009
  1.2263221041525021e+009
  1.2263221045525999e+009
  1.2263221049528301e+009
  1.2263221053530049e+009
  1.2263221057531991e+009
  1.2263221061535189e+009
  1.2263221065535691e+009
  1.2263221069538450e+009
  1.2263221073540020e+009
  1.2263221077542560e+009
  1.2263221081543739e+009
  1.2263221085545840e+009
  1.2263221089547191e+009
  1.2263221093550210e+009
  1.2263221097551081e+009
  1.2263221101554470e+009
  1.2263221105555029e+009
  1.2263221109557271e+009
  1.2263221113560090e+009
  1.2263221117561619e+009
  1.2263221121564500e+009
  1.2263221125565300e+009
  1.2263221129567461e+009
  1.2263221133569269e+009
  1.2263221137571709e+009
