  0.0000000e+000  0.0000000e+000  0.0000000e+000  0.0000000e+000  0.0000000e+000  0.0000000e+000
 -6.7473239e-003  7.2567579e-003  1.9422458e-003  6.3109966e-003  6.7280823e-002  1.2944807e+000
 -5.8140409e-003  9.7097508e-003 -4.9596403e-003  2.7693956e-002  1.5230364e-001  2.6121532e+000
 -3.4370956e-003  1.4056258e-002 -5.5461832e-003  5.4349187e-002  2.3032007e-001  3.9753329e+000
 -6.3560563e-003  1.7222275e-002 -1.4526369e-003  7.4970634e-002  3.1081483e-001  5.3910291e+000
 -2.3793038e-003  2.0068040e-002 -1.0319936e-003  1.1515496e-001  4.0034715e-001  6.8576395e+000
 -4.6756960e-003  2.1246135e-002 -2.7184869e-003  1.4205023e-001  4.8185533e-001  8.3288372e+000
 -5.9960388e-003  2.1654779e-002  1.4621599e-004  1.7503715e-001  5.6342561e-001  9.7867674e+000
 -1.0645229e-002  2.0357298e-002  4.2979869e-003  1.9541948e-001  6.3610922e-001  1.1211409e+001
 -7.8417233e-003  1.8971203e-002  7.6307650e-003  2.2891359e-001  7.0220879e-001  1.2629688e+001
 -1.1605003e-002  1.7594779e-002  5.1349900e-003  2.4681144e-001  7.7530851e-001  1.4041117e+001
 -1.1996158e-002  1.2863095e-002  2.5225927e-003  2.6992776e-001  8.4848683e-001  1.5423234e+001
 -9.1125471e-003  1.3413471e-002 -1.6011352e-003  2.9385768e-001  9.2616809e-001  1.6806684e+001
 -1.0267480e-002  1.1839891e-002  7.3967908e-004  3.0673770e-001  1.0105542e+000  1.8181483e+001
 -8.8959857e-003  6.7184859e-003  7.5338686e-003  3.1932352e-001  1.0701261e+000  1.9538070e+001
 -9.2844989e-003  8.5473251e-003 -5.3706855e-003  3.2387471e-001  1.1540615e+000  2.0907485e+001
 -2.1654099e-003  4.3894941e-003 -2.2998705e-003  3.4498117e-001  1.2340029e+000  2.2236782e+001
 -4.2764900e-004 -1.5207395e-004 -2.1157156e-003  3.5298033e-001  1.3112659e+000  2.3559359e+001
 -5.0254098e-003 -2.2787119e-003 -8.5751947e-003  3.3794993e-001  1.3946578e+000  2.4873363e+001
 -1.3854936e-003 -5.5569039e-003 -2.9980657e-003  3.5376382e-001  1.4713472e+000  2.6174809e+001
 -3.1886838e-003 -5.2923973e-003 -4.3153999e-003  3.2994815e-001  1.5412845e+000  2.7431069e+001
 -1.5025210e-003 -7.5725000e-003  2.3933829e-003  3.2659382e-001  1.6072220e+000  2.8679789e+001
 -3.3880936e-003 -6.0034019e-003  6.7332896e-004  3.1469043e-001  1.6772230e+000  2.9925902e+001
 -1.5843236e-003  4.9694943e-003  1.2316677e-003  3.4409599e-001  1.7452857e+000  3.1135311e+001
 -5.0883512e-003  3.2186547e-002 -2.2135627e-004  4.0430144e-001  1.8099315e+000  3.2320303e+001
 -7.2482786e-003  7.5613146e-002 -9.7213733e-004  5.3085667e-001  1.8693113e+000  3.3436090e+001
 -2.1398338e-002  1.3456191e-001 -9.2063745e-003  7.2536239e-001  1.9327090e+000  3.4498302e+001
 -3.3987771e-002  2.1551226e-001 -1.5678456e-002  1.0274052e+000  1.9906737e+000  3.5459606e+001
 -4.7628815e-002  3.2021881e-001 -2.3268161e-002  1.4253667e+000  2.0465333e+000  3.6304467e+001
 -5.4330155e-002  4.3641905e-001 -2.2815191e-002  1.9354338e+000  2.0846990e+000  3.7023131e+001
 -8.5172664e-002  5.7181115e-001 -3.7576097e-002  2.5056846e+000  2.1116449e+000  3.7637140e+001
 -8.5699613e-002  7.0449872e-001 -4.7122717e-002  3.1823634e+000  2.1437884e+000  3.8106469e+001
 -9.2555742e-002  8.3136903e-001 -6.0520750e-002  3.8805012e+000  2.1748286e+000  3.8473687e+001
 -1.3244945e-001  9.5857876e-001 -9.0094598e-002  4.5673286e+000  2.1921256e+000  3.8759143e+001
 -1.3813842e-001  1.0620247e+000 -1.0378323e-001  5.2987636e+000  2.2281830e+000  3.8958106e+001
 -1.8966297e-001  1.1564793e+000 -1.4926517e-001  6.0010950e+000  2.2365247e+000  3.9129440e+001
 -2.3338206e-001  1.2485047e+000 -1.8619039e-001  6.7267574e+000  2.2502988e+000  3.9211856e+001
 -3.9458524e-001  1.3455695e+000 -3.3837836e-001  7.4828449e+000  2.2416341e+000  3.9251627e+001
 -7.2451167e-001  1.4439394e+000 -6.6742664e-001  8.2818428e+000  2.2387663e+000  3.9154950e+001
 -1.9579148e+000  1.4759888e+000 -1.8933913e+000  9.0383383e+000  2.2213111e+000  3.8954135e+001
 -2.6085535e+000  1.3882925e+000 -2.5418034e+000  9.7176846e+000  2.2011291e+000  3.8674096e+001
 -2.8276630e+000  1.2797734e+000 -2.7653173e+000  1.0366176e+001  2.1750687e+000  3.8306218e+001
 -2.9253352e+000  1.1547058e+000 -2.8651723e+000  1.0998765e+001  2.1495901e+000  3.7828436e+001
 -2.9615685e+000  1.0137996e+000 -2.9033263e+000  1.1639745e+001  2.1171063e+000  3.7240086e+001
 -2.9946763e+000  8.6535293e-001 -2.9352720e+000  1.2233365e+001  2.0735454e+000  3.6482223e+001
 -3.0329307e+000  7.1577875e-001 -2.9671655e+000  1.2740022e+001  2.0233582e+000  3.5585151e+001
 -3.0456940e+000  5.6582103e-001 -2.9806434e+000  1.3132279e+001  1.9598513e+000  3.4654129e+001
 -3.0726694e+000  4.4367835e-001 -2.9994565e+000  1.3379379e+001  1.9039879e+000  3.3676138e+001
 -3.0776008e+000  3.2736614e-001 -3.0067518e+000  1.3579737e+001  1.8457443e+000  3.2663148e+001
 -3.0863798e+000  2.3425735e-001 -3.0078843e+000  1.3711541e+001  1.7773295e+000  3.1603359e+001
 -3.0989743e+000  1.6607333e-001 -3.0125900e+000  1.3808649e+001  1.7066302e+000  3.0423901e+001
 -3.1038758e+000  1.0002130e-001 -3.0227324e+000  1.3873334e+001  1.6348886e+000  2.9121131e+001
 -3.1228611e+000  6.2932876e-002 -3.0263151e+000  1.3879789e+001  1.5614459e+000  2.7782293e+001
 -3.1334568e+000  4.3846156e-002 -3.0298572e+000  1.3897814e+001  1.4959296e+000  2.6438738e+001
 -3.1408755e+000  5.0077180e-002 -3.0378533e+000  1.3942665e+001  1.4420296e+000  2.5108128e+001
 -3.1352026e+000  5.0921603e-002 -3.0468335e+000  1.4021478e+001  1.3878638e+000  2.3781987e+001
 -3.1340639e+000  4.7346652e-002 -3.0438878e+000  1.4075835e+001  1.3287603e+000  2.2464344e+001
 -3.1316475e+000  3.9479125e-002 -3.0332706e+000  1.4126641e+001  1.2538581e+000  2.1124598e+001
 -3.1322609e+000  3.1512443e-002 -3.0260206e+000  1.4162289e+001  1.1695671e+000  1.9713581e+001
 -3.1291287e+000  2.4421275e-002 -3.0241124e+000  1.4193520e+001  1.0773532e+000  1.8229517e+001
 -3.1323167e+000  1.7793037e-002 -3.0191235e+000  1.4200828e+001  9.7360348e-001  1.6707329e+001
 -3.1370490e+000  1.4842814e-002 -3.0314502e+000  1.4207353e+001  8.9502913e-001  1.5171124e+001
 -3.1391459e+000  1.4553696e-002 -3.0394186e+000  1.4213534e+001  8.2911748e-001  1.3678404e+001
 -3.1359939e+000  1.0659168e-002 -3.0373868e+000  1.4228796e+001  7.5572755e-001  1.2221293e+001
 -3.1306579e+000  4.3878893e-003 -3.0421583e+000  1.4243573e+001  6.8412936e-001  1.0754252e+001
 -3.1411769e+000 -1.7777340e-003 -3.0308767e+000  1.4215652e+001  6.1051659e-001  9.3404917e+000
 -3.1425554e+000 -3.8869077e-003 -3.0220829e+000  1.4195911e+001  5.1941919e-001  7.9067247e+000
 -3.1417326e+000  8.8049209e-004 -3.0209943e+000  1.4192596e+001  4.2214597e-001  6.3976245e+000
 -3.1412414e+000  3.6000700e-003 -3.0138083e+000  1.4192055e+001  3.1017258e-001  4.8489452e+000
 -3.1277956e+000  4.7338563e-003 -3.0162092e+000  1.4218910e+001  1.9586748e-001  3.2335751e+000
 -3.1296061e+000  1.3124893e-003 -3.0199726e+000  1.4213961e+001  9.7353586e-002  1.6458898e+000
 -3.1254865e+000 -3.6885211e-003 -3.0197588e+000  1.4216050e+001 -5.4487459e-003  1.1812160e-001
 -3.1338930e+000 -2.8277005e-003 -3.0234497e+000  1.4189989e+001 -1.0221873e-001 -1.4000218e+000
 -3.1330633e+000 -3.9080461e-003 -3.0233451e+000  1.4184151e+001 -1.9024246e-001 -2.8614629e+000
 -3.1385505e+000 -5.2735663e-003 -3.0245884e+000  1.4163158e+001 -2.7954699e-001 -4.3114460e+000
 -3.1383504e+000 -3.2041091e-003 -3.0225707e+000  1.4149369e+001 -3.7362629e-001 -5.7655613e+000
 -3.1334237e+000 -2.9006606e-003 -3.0193962e+000  1.4150643e+001 -4.6630101e-001 -7.2560263e+000
 -3.1285566e+000 -3.9702573e-003 -3.0222132e+000  1.4154799e+001 -5.6435117e-001 -8.7572278e+000
 -3.1264289e+000 -2.5309025e-003 -3.0257843e+000  1.4147899e+001 -6.6021113e-001 -1.0252799e+001
 -3.1224490e+000 -2.7216360e-003 -3.0251789e+000  1.4149017e+001 -7.4743330e-001 -1.1707988e+001
 -3.1230287e+000 -2.6518748e-003 -3.0216875e+000  1.4141404e+001 -8.4050784e-001 -1.3123872e+001
 -3.1243437e+000 -5.5508640e-003 -3.0195073e+000  1.4130057e+001 -9.3403169e-001 -1.4515396e+001
 -3.1252277e+000 -6.4570777e-003 -3.0264524e+000  1.4117795e+001 -1.0160220e+000 -1.5935611e+001
 -3.1301737e+000 -6.3047699e-003 -3.0268339e+000  1.4094444e+001 -1.1017678e+000 -1.7379463e+001
 -3.1242735e+000 -9.2562198e-003 -3.0314364e+000  1.4098303e+001 -1.1859458e+000 -1.8845936e+001
 -3.1332215e+000 -8.2151916e-003 -3.0244026e+000  1.4071554e+001 -1.2679672e+000 -2.0259724e+001
 -3.1272455e+000 -7.8760766e-003 -3.0337880e+000  1.4079755e+001 -1.3510882e+000 -2.1664188e+001
 -3.1257137e+000 -4.8260657e-003 -3.0370681e+000  1.4073637e+001 -1.4143010e+000 -2.3033648e+001
 -3.1255734e+000 -4.4868803e-003 -3.0397186e+000  1.4067469e+001 -1.4750026e+000 -2.4355301e+001
 -3.1286938e+000 -5.2700312e-003 -3.0451959e+000  1.4055835e+001 -1.5309771e+000 -2.5638777e+001
 -3.1328944e+000 -3.9477097e-003 -3.0435211e+000  1.4044717e+001 -1.5815845e+000 -2.6832282e+001
 -3.1297635e+000 -2.0143157e-003 -3.0413841e+000  1.4043162e+001 -1.6354039e+000 -2.7950606e+001
 -3.1355618e+000 -2.3439635e-003 -3.0412114e+000  1.4026587e+001 -1.6817426e+000 -2.8960499e+001
 -3.1390439e+000 -6.2760516e-003 -3.0396778e+000  1.4013885e+001 -1.7285557e+000 -2.9845956e+001
 -3.1404998e+000 -7.6432872e-003 -3.0362209e+000  1.3999020e+001 -1.7693816e+000 -3.0619553e+001
  3.1408134e+000 -1.0117469e-002 -3.0378992e+000  1.3982768e+001 -1.8013843e+000 -3.1295012e+001
  3.1399434e+000 -1.1946536e-002 -3.0394485e+000  1.3968709e+001 -1.8322263e+000 -3.1878491e+001
  3.1363355e+000 -1.4103206e-002 -3.0371564e+000  1.3950659e+001 -1.8578296e+000 -3.2370832e+001
  3.1396722e+000 -1.6539154e-002 -3.0350432e+000  1.3947930e+001 -1.8821203e+000 -3.2803035e+001
  3.1378775e+000 -1.7606976e-002 -3.0340767e+000  1.3931310e+001 -1.9061022e+000 -3.3209314e+001
  3.1382007e+000 -2.3059003e-002 -3.0319047e+000  1.3913285e+001 -1.9301975e+000 -3.3589324e+001
  3.1373954e+000 -3.5612707e-002 -3.0323673e+000  1.3874726e+001 -1.9526593e+000 -3.3931104e+001
  3.1374355e+000 -4.7341849e-002 -3.0324160e+000  1.3837267e+001 -1.9697903e+000 -3.4244453e+001
  3.1366960e+000 -6.0438225e-002 -3.0312534e+000  1.3805605e+001 -1.9860046e+000 -3.4531114e+001
  3.1352980e+000 -7.8855334e-002 -3.0301646e+000  1.3748808e+001 -2.0104781e+000 -3.4829984e+001
  3.1333967e+000 -1.0250825e-001 -3.0300789e+000  1.3664680e+001 -2.0347913e+000 -3.5192276e+001
  3.1318527e+000 -1.3400034e-001 -3.0283969e+000  1.3555044e+001 -2.0595434e+000 -3.5623964e+001
  3.1272870e+000 -1.7048202e-001 -3.0271503e+000  1.3415094e+001 -2.0830093e+000 -3.6070399e+001
  3.1269328e+000 -2.0501028e-001 -3.0270437e+000  1.3266027e+001 -2.1096827e+000 -3.6498258e+001
  3.1236284e+000 -2.5038759e-001 -3.0249994e+000  1.3078911e+001 -2.1363403e+000 -3.6938536e+001
  3.1185906e+000 -2.9628719e-001 -3.0224521e+000  1.2849507e+001 -2.1671409e+000 -3.7406178e+001
  3.1194491e+000 -3.5555092e-001 -3.0249388e+000  1.2578122e+001 -2.1938428e+000 -3.7908315e+001
  3.1123401e+000 -4.2641623e-001 -3.0257000e+000  1.2225428e+001 -2.2179558e+000 -3.8401424e+001
  3.1119469e+000 -5.0217666e-001 -3.0283450e+000  1.1837790e+001 -2.2465844e+000 -3.8857642e+001
  3.1075633e+000 -5.8397736e-001 -3.0279949e+000  1.1409300e+001 -2.2697994e+000 -3.9263704e+001
  3.1004078e+000 -6.6583953e-001 -3.0243288e+000  1.0944732e+001 -2.2860300e+000 -3.9624730e+001
  3.0961643e+000 -7.4999751e-001 -3.0220316e+000  1.0447820e+001 -2.3000014e+000 -3.9956260e+001
  3.1019770e+000 -8.3724416e-001 -3.0284347e+000  9.9164267e+000 -2.3120587e+000 -4.0269281e+001
  3.0942050e+000 -9.2694874e-001 -3.0228110e+000  9.3330106e+000 -2.3231543e+000 -4.0523885e+001
  3.0912089e+000 -1.0208497e+000 -3.0213014e+000  8.7156296e+000 -2.3327647e+000 -4.0737256e+001
  3.0718094e+000 -1.1160957e+000 -3.0043689e+000  8.0472605e+000 -2.3384074e+000 -4.0884372e+001
  3.0705200e+000 -1.2149507e+000 -3.0049706e+000  7.3519635e+000 -2.3417916e+000 -4.0999058e+001
  3.0333229e+000 -1.3116910e+000 -2.9687222e+000  6.6386817e+000 -2.3408484e+000 -4.1023472e+001
  2.9594893e+000 -1.4127938e+000 -2.8971478e+000  5.9034812e+000 -2.3395723e+000 -4.0982416e+001
  2.5973729e+000 -1.5086807e+000 -2.5373318e+000  5.1546797e+000 -2.3328144e+000 -4.0863504e+001
  5.9177727e-001 -1.5064152e+000 -5.3534449e-001  4.4285493e+000 -2.3210281e+000 -4.0670757e+001
  2.3851411e-001 -1.4041554e+000 -1.8705071e-001  3.7142325e+000 -2.2967262e+000 -4.0412979e+001
  1.5811064e-001 -1.2933369e+000 -1.1017118e-001  3.0147856e+000 -2.2552147e+000 -4.0081710e+001
  1.0618950e-001 -1.1765657e+000 -6.4239651e-002  2.3655854e+000 -2.2098056e+000 -3.9664739e+001
  7.3467969e-002 -1.0609685e+000 -3.9113842e-002  1.7948752e+000 -2.1656323e+000 -3.9176458e+001
  6.8545021e-002 -9.4741087e-001 -3.5254681e-002  1.2997803e+000 -2.1241442e+000 -3.8588514e+001
  3.7351970e-002 -8.3245968e-001 -1.2034734e-002  8.3503267e-001 -2.0816645e+000 -3.7967766e+001
  3.0333699e-002 -7.2020372e-001 -6.2650281e-003  4.8367523e-001 -2.0443398e+000 -3.7304409e+001
  2.0884710e-002 -6.0311513e-001 -1.8256845e-003  1.8803418e-001 -2.0015196e+000 -3.6591143e+001
  6.1733405e-003 -4.8985172e-001  3.1506148e-003 -4.3363793e-002 -1.9548671e+000 -3.5840159e+001
  5.2178971e-003 -3.8220124e-001 -1.9023560e-003 -1.7011354e-001 -1.8989654e+000 -3.5059503e+001
 -2.0595186e-003 -2.8294280e-001 -9.9861045e-004 -2.4208024e-001 -1.8508232e+000 -3.4275539e+001
 -8.1486217e-003 -1.8935355e-001 -3.0075844e-003 -2.4774210e-001 -1.7923190e+000 -3.3462951e+001
 -1.3733167e-002 -1.1010634e-001 -6.1228821e-004 -2.1507465e-001 -1.7501357e+000 -3.2623509e+001
 -1.0966574e-002 -6.8577048e-002  4.0114321e-003 -1.9711595e-001 -1.6987354e+000 -3.1763163e+001
 -1.5917708e-002 -5.0328973e-002  3.8563584e-003 -2.2026330e-001 -1.6499600e+000 -3.0839733e+001
 -1.4388261e-002 -3.0202072e-002  5.8589301e-003 -2.1310143e-001 -1.6020005e+000 -2.9866138e+001
 -1.4880929e-002 -7.2758110e-003  8.6220664e-003 -1.9260696e-001 -1.5578930e+000 -2.8869984e+001
 -1.3242885e-002 -3.3641870e-003  1.4025644e-002 -1.8132525e-001 -1.5106844e+000 -2.7836098e+001
 -1.4432721e-002 -2.3535193e-003  1.3073967e-002 -1.8103656e-001 -1.4697379e+000 -2.6786736e+001
 -1.7197713e-002  4.6446693e-004  1.8995072e-002 -1.8071359e-001 -1.4377340e+000 -2.5740234e+001
 -9.5231659e-003  3.1154682e-003  1.5776827e-002 -1.5430935e-001 -1.3859854e+000 -2.4693672e+001
 -2.1127838e-002  4.1346123e-003  8.8595710e-003 -1.6969408e-001 -1.3387353e+000 -2.3630535e+001
 -2.0415192e-002  4.9302917e-003  4.0052587e-003 -1.6233074e-001 -1.2822154e+000 -2.2566646e+001
 -2.4923890e-002  7.0127647e-003  3.9445341e-003 -1.5714220e-001 -1.2284188e+000 -2.1443614e+001
 -2.6492817e-002  1.1814034e-002  3.3950931e-003 -1.4499092e-001 -1.1644384e+000 -2.0271539e+001
 -2.5058389e-002  1.4681184e-002  1.4890712e-003 -1.1961178e-001 -1.0985379e+000 -1.9067979e+001
 -2.2644700e-002  1.7795325e-002  2.1685542e-003 -9.0065913e-002 -1.0312553e+000 -1.7874582e+001
 -1.7475722e-002  1.9863403e-002  4.4926939e-003 -5.0203278e-002 -9.7006395e-001 -1.6699984e+001
 -1.7197236e-002  2.1871716e-002  2.7671364e-003 -1.9546353e-002 -9.0299324e-001 -1.5534726e+001
 -1.4557897e-002  2.4340801e-002 -1.6705300e-005  1.7696376e-002 -8.3957264e-001 -1.4383529e+001
 -1.5631971e-002  2.7321869e-002 -1.6312932e-004  5.1256030e-002 -7.7608565e-001 -1.3247440e+001
 -7.8644669e-003  2.9631920e-002  1.8531436e-003  1.0729496e-001 -7.1607157e-001 -1.2126649e+001
 -8.8140000e-003  3.3280234e-002  1.4142578e-003  1.4646097e-001 -6.5292679e-001 -1.1009680e+001
 -9.2785798e-003  3.0440805e-002  4.4705915e-003  1.7699505e-001 -5.9784967e-001 -9.8958013e+000
 -5.5867087e-003  2.0816573e-002  4.8894767e-003  2.0359048e-001 -5.3563792e-001 -8.7798906e+000
 -1.2521429e-002  2.2958631e-002  1.5800761e-003  2.1181823e-001 -4.8038834e-001 -7.6451244e+000
 -8.3001140e-003  2.1942773e-002 -4.0504060e-003  2.5247588e-001 -4.0332630e-001 -6.4821800e+000
 -3.9399241e-003  2.5738308e-002 -1.3913629e-002  2.9749228e-001 -3.1889033e-001 -5.2982175e+000
 -6.4742962e-003  2.6984105e-002 -1.3449506e-002  3.2931442e-001 -2.4264610e-001 -4.1105568e+000
 -7.3357520e-003  2.7200277e-002 -6.3639671e-003  3.6560206e-001 -1.6914849e-001 -2.9348363e+000
 -8.1541209e-003  2.9498130e-002 -5.4021979e-003  4.0343635e-001 -9.5000821e-002 -1.7484480e+000
 -9.9151890e-003  3.1452665e-002 -4.6367226e-003  4.3951453e-001 -2.2533813e-002 -5.6476837e-001
 -3.9648026e-003  3.0690459e-002 -1.1172384e-003  4.9398024e-001  4.3009806e-002  6.0410799e-001
 -7.5634146e-003  3.2907335e-002 -2.4225673e-004  5.3227464e-001  1.0543027e-001  1.7679800e+000
